56713350235423931959521374241524526449870291297872796409273530173552203099166939630353409893245946916320531552494846314576468426338156391196419428261063965777585379557159944708575463697289257481485914
49714459276205637904027662575099678874038139392819674470272030047073906843300464760220667003456686048918906618805166794098936282290349102554167992407765683854487022996162148848688320194853763510374583
17720340803644537000007543052802215591842496419896374058315597061726106805760164098202103621597182482690438325366910109565516961414356973354109637293623680687236990476598220618019585828436633084066841
46995358453687574428996912332722104990310384833505974029774302404886503242961055184794356727570563025066806692134269168785262085138813122259901993153153582284406368657410131735493256114444332327568555
89555725847262813192539764656936978965168811158324244088671767081501512201353020506957486768278198579510540315567320906059107215214969988161857676388731405657112355323280835918680911255821156297952222
58569440280763775039730922845307831661573492042621172515148907268349052722622556452231730047615139843711200227341748817436078456745779716001090575354996535368549383376084923777366234995361734871655907
89056765185680071629107520194054599294913911014098031007782980947943107428422628701895461134330428457564471545097459306743276745828669947838656868805356070410404900173250549689741180156381477111340353
72521431616896515751809526962669084043249264427933067231348879666805764711911294244132369183760793160248136160623090881477550873500124036854901244141990072709873733594498791944065596613951463876042022
60881235899186172764116345135604525301858663719980398152974905808047817678604069456347822180839832068719424823696109109586591043149823434241930746785497036651369048763867058305664646464543269631381690
06834704294272471094720548962025654652786294548397693299313921237192955524514947953466215017945364608970435651244742296438679631827855449853262921821134162567265824375013347582573314686408567086800569
77079916093418156191952490133964722088506330206478823388188901409556167484957914674532271150700305373613323326282984659778588261271308577622547292116421549067863250691668356527105184882178083389147847
84281901942557395305239792763607590363869676457755058391689542794796822422918688934779773070453730185380558867828582860491520535911558591591572699340241129814025568821925822561253681807780267361462438
39821643686101805471259876394737646712899161484697040959793973644073726251802687333635466333831980980787944872863808432298299757051999639772911826279718669742934172846076316879135672861654235039639871
16261714771417244990148711510355757568224117839113423157150092068712760899226619434629844681726183892073495085524605097533292516006272685791507421499935916927712493707063544142370548665982855386216309
74869924359124183911061748055655523107560468449976135245973192316895841881681447570346973135414966739800908248512608310496090996335346963828880531575682536476933279709830268980650319615230432635606707
67223421041413752095101171968816663062338792459158311647044416099702321305145895171933489825206929598075759304071706505506638509236640781834419609344705642865678349939973611898300081719334690688589680
88068979986972943174578067082450533027744325708197169535753472330182577124994891159297799490184146174164551284463378018205869285569736148173153555039154708474709126504229882409352041114824499050470495
77670827198035213494151787146100295944047169329116363096143212149078878109398885920622646750538970303802542599413106761267914251441276550834420766115292159735864792031511571348782880015213097905447735
25213596468289894765030551665550215087211373435522743626405190122760223010448341462197631392030407006266305079741436201759439690770367461666493182471974257191003312969460326080613909325509111802158008
10527334173482979417201806834433234922111878555605564520273501373430322147137101695211341734853692347753878268401349889374100368450192282403696693027441005706255949490291386793883949962457238533148784
80114170821845694170062959470714667256622618875473216834337644863453146562770072313930612215870610036633384112375331938051737510102658213267167708424284245918868797632753685745581536302175911047515591
51324983101632298378390674044967948319815565462119759069003416140158448463419387180170081437869430736987917892821966673123756512107247395790133861223283476330611977240606061089041129957818772327993688
16814545876894219022251369251194661834481427124632951516418900485156202777667679644274193029635887327610459548728457973171898809062233817147139601164432100012624224539049801870783890338594550889701196
37002796078536979042509434591372554486232315819384194166156456191650697432806955473213541349097165170837305529850616886158943215549400818674820984394599111345068629637066666547886583977438441001990153
47890236164620597629291578028285048906691360070608183870621838397691260023251571568730096018588160388051130594120960632631400918799053411441677947484828420590701705769716462463128276006291177521626623
04041766749897678526264988205036764496433776042585701081875665332191800551959442956513752626712685437673929324348995725470052883833294443678873802878612457198629434421263713526065694542401359198307538
67919037349939169767405951685680095607744981290526881874007500720805297234147391851013764996978412995282430818587530566711474659120330691212290114024383462320027421424558372311419685257804538532521668
26430272234296218107115496277145852917386600650234975271636165983735552120941645280219441012717782037218716764614862996462161648643954233655422060162884827495067216285156344114289495003131273704956334
70031632870044117630541599617771456022356908254741097393314300772321339314484925818843013019518743842829035040937259406166050177918628912634109216957697738126358155914328327815026162993630279597962609
06022061796358480771326289023785509073342759071731929152608682887750306515564601697364818248675705535158867326172842951223568212153669708209552049457843376519546585637959718166671739177276319935087842
60923678499220216222855318571270251846063669035583300846754428489880121116388595354615735376974671170281796031393326757792969809357770748897497450069971525331961601156622043954867771434361817196349942
08972925430815057341049554481227040256513838873996207746272738347496621555626121679393356052945839318347073166297917380741681522008697118242763696618607217377289766140165573460757593398216316114233659
64506293926994209496267533543620468452851485391196470527312097009460698099414329052061095558642468114652063607541877949908302905780990111500513445329738135441198214855856252979994799218948649039757838
61159466402421327529682306433123069891886612269874644989936000972553231181043778089506226669886828738104102631078333104092886796925765836243468609468335529472995772869596034999702935866727825697179652
89188358662140196290545179023065799591787354143925676325980737821671474821630903359123069140089970941495393999098335592854009209865157699194141024691499237281695402758805600929846968278657924925121548
62694047186168783192383857033877237228439815718547630607343685427995853260290204159110869256189688966199190501565286979864470708003562440374798947275472005590508999197269677934129330766960999497273860
95137322851456139862773204534721655747587172908928950895220752714237813059705876219092571791312745446566299829417197751067412767649612247915091218424117870193148247439262505444209926886049546426137266
52298701869665251705473616473217030958159560736518258650377312706721574857026315859861005064115807761936940791405826020510338709303086710199954084052846935305936159444465563212580415062497429353360188
02394192646184843804143622466323500315990291319705046814643495990065990243507054799584324245369097430353737651677191559927117747103891930810474828616998441796619918931996187620555144037674666765161946
51504771393828447491711377706092727964131111911568015129954248705236191872370173867899722569635055502022537190093582096972630548263365503943034889227817054450198487425688329594700630974366943196235997
56085676927571004234789658652348993466298548559172172837454419931410785593918934254773667349516306322519923659913646705014447704551253167572975136805455406744364149469049933754079136097728375650511144
82941434649638532364531125787275509442853198208721455909165679363678000477826175581343781694485958288086720843655862139441134804227151103330689100459973506020673607758261160350602758525881717739846250
26210054472037402826429436612441621800232138972612931012478693620193658150669462973789909105069646215053961078687092998226456800234156731891408461462937778736982679295535242802512303114712423760410025
02403996399843319676945196215484382624754048738848469569874932969097434524763056234254491879282325029929020199262372614235052580925287314700834069452114502296015075060284947560548801075397663755793873
02406543199352201437745530209314059457037842902164320053838412139197580896126949742132428079086057882036786296278064026331628676296975081708995812379910659513931931354352975989434997438547556039292125
10034394639494550810764809039239044028450574138719971984858075442941148822001738954960782153989116684575965534134504153856727114265328207540373258055741591755435391549337615478737379038747836669511109
45651519323402917101947983277035928233653170993568269791726553251839960089556906181879143924429645611744728382678621805326542731267994025042438794608697445530700387226286506922202369741498401562886456
78409162515157661133531067591068782574995087246573265024623329967440731957737382664794614356110375480994635515862885113156086647069799359493596066844218726559014104343517714585079678244436881752282660
96899575658822705776681522575877479354437988323523584947951343589827104735100955117577483419042785528625867427077106575454875037404775416847233075938355818774924672910075308437323371240761206957498474
37793054012206522816795037079207316780216761267081214764116322241596506819264833318864819551665960784426493553990147407309847113692167068978708054141941856711749999817772660566926867252992230944223204
98474739001248212506805396988500088787627055207828359803354182385852923621468911892920845026055711030945995964777804924568486939448396965407617227722149211253720869755015404687801442535353188695396361
09729866684159106228106042991846617986198729775766473444820472971632739424754847483934264036457037945376233404161283630587959369199647936379111390419474881474219609849690455373584611561027701553912181
72947550577946292378798896319760293226627124905250746261241159485462157661646839034021115484012169170191085810845201163171976374452501683641155579088638590786895449693440851476040955896561137726862410
70583955249861261784976708790894368816877328704676068715712976516100297758465759513742662085093914089784208210087593633147033740326769518071389378107057050197467848701130823066487365516052200639169622
28701648931795716399098055161008629406329547450644915271583292826959110905529437430043543028472847635335663389122538947607731321418070433652358415993630017521121855937446735402565506898140348428727367
27053003059136782393587084579706184824653366257237246619537700018605170343939262290982166588170929825292683746280227283122967534053239340803607853120562800637017712132558194789897305987082679694760960
84254471732422182063901358066909991825468878296022812002303004081172981225351852943652900613273334687338419346863503200468674107382502537675390947139648190284379729132416358984798984938945143606520257
93892236913639040286729552333194673572331793663674813509033636069167315054160141503660741852324203456974149634326897473728637713786166798939937285175506343160022681219524886288824078106284672937384517
57759911726064282305364030255740419894205276225505525333068139741977647485137565662642475339904575198156560944879099772474428321678575109632685620095966615712094067253091525079638077004597562506000204
03864441676634716616447830115549693990441420478593832897890128151396572036853837820601830598012253474125633950458692025277024411778237162898941152833014257201217691803684090630516754196130184223646132
24060231464529153079200960034106283844782027859368357981211023271505338104256437339721868580504602109024509933298571587167059890632357544947189722457182116523347035598169440952440047563787330491441301
27170644270457042729352779895434410135515852479995495344202837020655225671166893222178467726678267800031285042370681397887268040613633649439070233880337648666179280268770168725384607703544992945079171
78005478181126865958084498454624043505579232485494687349026013636809026088043317173803517222907805938165653713484128860419309614471146802989590045665917105808980456804964956123419221321751924405600651
02827610550155668623362418798005543248575791713889131680009918647628362699530833472251845318727085715560345359882690323697071381781188281288424265827217033528505291634988476523340990609707463215328208
46394814742450885024495794603182666968489125222670107754528985293845587976750239925907191066176734944759869463187480104476014343005375085792735180106451696784969980316242653892731124894108302907604115
20121307126218121687158241646874216333383251959498407841631585653302785942254877584748074219517388343496082169319961294665880437514434373096786515993987156590598137828934829857235081857980999598035735
34054362957663131160031718497254046497157457506329830065789371173102722472737009045509604954384549931509593927785281983463736445230557356006951214585593893120539645565907017096398882078311984983881687
14298827857164647493456019137996843915854213136779423464536163117735185439215804479345077841510069476477164361691179747237304144701745341291240876870899176542566097062920614216227711638159565018257781
86349511892736887691385866718871783826447089951572846457735610772285431247530597835958937578316248439938744007801511324246279185479640952523292809865192536186849452388576634861083335318081126169363782
14997308052614675160225329385240942101061058158898784774986329310992022998085554838367782069555274731818327324445682148873318816861715528485715224287210130553805481612022404931556792946853631488159558
98070067039690152131433370072752774831466708053961214724752506017436180606215714699240981267395065550492324892684213481648083971905403948714401686672828812557816586034597382750127763132666336479067543
53985956393716080616409072960452256481803807371604851271178462806941369777345202582836020719044432561623634979759309091173118541463749964527074290037505589609236478983813981159206169243544296987895790
88433544611978821493770519810914440472054591784767597993065145765834620233215711155408841398929102762935800282478951316411334112119115655105118995239494494701836673786076299348860016140027579576963788
18525444156605423840964490296295353241551012752992226922675089495468745828873424150097656271987830488935448740430718672445954921426394664781013678816309171979235514375549434762812817373934623083390629
57981960801010798589276107189427378159667580803667945327301519377124557947713624601006798254347564057883196353562622627883230108298866277336428382690385653350062780398652947586050332736221262799112005
69100668683574262100463829406283797608672426362724609721439565125901253746100940108920196621712624109255943634621141772043846853513684911206766328853148526307561681117282621942848577689398288850849056
12645209761238812462968556762337057781975972104625111880359390971790614343752276913765314280949014599409888500799987111948855275949082314180393949190453521704475631380215569315044369160420741451105230
62633487716016141506096063321294208947045337118832972163435912171682603864410366839102902981352949244801854323553171201713678131125728381103334853751459723063099641015893083521301394922036779010928968
20327259663302193415953897276890100252781348733664246939886903205482375950491225099357326392584172554224931346140904137743610670367527464183989036946883296922908759548372867218813165935616702472802908
18321033061680121997126561834690596611607465070520454014950827840509752641202869768813514217748469424800001180113898701589085183108567384587282741923034671437790457775013100608562175084248366103585970
23815765963387352750695180010196531709181880642829047672873871794834556586158609661953028991684378599510881496906676953394593677147141141959252747360094500465573740484494596917999686054736409066418513
94966884188647918382825850800850927837164223462730318788086268079092900076686524190433909394637228965532865772865359838097999178742172145611625083377674184076093597869302667568352630929899823580576159
73874756745805848858056976721008452992018935347703108472982755433615240771224308817738909813651588429405011903429367602701461247968816922683877980491811068502470592690407442382123827829911218341878605
57354739130298706602759613496716083315731409142904336991865004926536448631805528739257838618331286457104277547274323213974829345762375183092123396281027490985502137106661040984142662863490213436081832
70238012852311818677225735398328668962949594000036727167806473934815718388578164465709179323212792362117163318793217694328576677271456599475486815564862079232729203955327226260747161902713835116300118
43149230929260122334874279034811032804199061109057706250007586957312522109276715960266126052668936496499876697421095813718634632088262999027273358006166703966515541357568883533312123267181969634431831
48568190506826929125742315257560705412945154623110567056782058766021271096093814870997070573403578511639117353728510276963957458775744720669543878819031736328386704408882518331429003022374445465195514
61300906752692302400052565163901432785026676423550725782842015881264002504366299603240078759291356653265044619409875165259239320782119709081427908047383593273218362727020835726314444415836099304921795
43193583643793544814223205261015939221030218055896988868655270240783188352664408390986149852817194024928050510888159260585170079658283751596934587649532138233243679383235835582439651850310292774876669
60267806321776763609934277560898991103651819828566064952068336947058640014104196191101844831267784805097891235317773286232807911968528823449156252775464149115916601662729407587334932271353723188664518
45048270947367568492959477416562752412963607019311704730058273640579811869498343064293746362592139709766769754069709058156679444501412935262423460207449618846068187144853788287030402803768860530663873
48289685881065863684158119671098749064813849434301341047033287232786971216368975618120966093017473224841262378481688078919096212129240581789163340262637766678389707876118713889310872791182485267210666
95334331490694390369921815155473979830498492554213604619759685632692804904117758013094678828052997349385210794483222609197061065866802210828057547547172827052357143087273356617691947236455733909593788
31092455953335381616710423959113834822604831944935375969317247353977339613558171003840055240809413589473795845211137317090394673183420909826717130126639974879192042180735218123058444098908228707974780
31624881157058311787465178606566302842242295520120295165006444201707026511979348888267304816176534930663476056566520964652408630026038888385116211156127409891671556304862326429590561842182676140196198
72943468021586719054012896645005569530082277966118295714739573685478838063026536006806112351886895477432110045125191637801475998151954533771474519368128712957874001673436361364687803312630243480652076
61684868740201397923964876272207166026287787787850491875013747357155848510002582600911224586372120515776726147072601766438234521402374134363341908615949875231002564764791223080450094961540776012651224
56765736788605612938021749837235631052391940581148988667489348080707913654066307790535215788321354813404762732939834866745794454459725853783805694460908741360034422166669627062903847051638238423510520
17982528548171149320769446663073085261582715990805578747397780152952391481643020688210228499784441588725535425006981499314091561448461147183480069776766852849167731236848445014725044228741742158645851
89509868840993459488559920510305105865263151206454430748264908856501079103853678964818449446702574050191640297256795251983298525137429560183145826898845819593848355949181107926923553755964784299652113
09217784564429982802511375406340048738162050850764599079964847784833416155911399718857508976681876785271550347902457729502933650789349050759862011850478417848551599796230493377985134694097577415972716
08659983978379223845077053888196564949167726500077909683675432195737254794933422639893786634714490720820893399501996680398894714102964593403303346300030102647468861389827917844113460538964591630812474
78935945743279378325810991296072299384026083095659930383769092623215185847406329519028946483121449325238381086968192949435778109591444189613872143919351179966645701123232144316868601060791607072433553
76705715130044564480624791804640554849106159446153912888362814022093094170042948651053045873373400542014694746833901520174968095312971466858643274782404948020830936345375864468951111091126209405203829
65926931945506462699743954136854529667001975399913592696989932577966711014117014023133026579638618479663312922224579722958152447934819143161509648643645554302844575081188427725513216847023053679703340
40750108135986780214518288740151512243444764636589498812856790347410275102259528786387646126429524764306522605083811894219089197166667412479816814943846528955753195835234885411389648001272386164246805
80841227068014070956018415312588038174043549423682267856076740635175382865655725453891076549440010989116770807184815955595783045764222686621000955535722862141474107616776775988869750985246598911600808
55422013434827614736041759458318961273457950659112358131100650421970609082680117936553148382760414207780482353087653182916209785344797312323901689988882869422829885211288422033516695074226555438735038
26552812263296346520908596860317158034608709036952353663280094802097132013467847403560663129986777427235448301047762828273096827607433152125500733785998458665874935529567016508081199521329803107033404
99893493200715850288893231137753271071590652579198410665505495025740548891238707021058429932867922332649699229882477150411566420114192860691300703432277168763219112740441752955960106457463354974255739
28581362074194007452510165016371036814744101370808894076821050359706520863509995792714325841029727927697421470552046821619187252373949244279498681256605115294684135250897120999390262329999053542664060
65377958726358112860489239597098199561516367739769988713114724104537475043213218693941529165146362173162110516606862660279000098266351507273010608459656327161430575405547716905896658469414839301545011
43703609956612622576801811611429967534821229477660649655198083153645719811096846527885860850343231233464257175279777223698276492302724455939915557845610158535452751263281636041319093878825824491522775
41572101453998896948118669896309911284489725534591614238738040606196933422323939982811033951213244577613135302355960204018646569538862015759121710318056501013693256622728470955974258492185185055429813
05553103483260072634161024642245392750144098880615456546193999590308575819863549047983154833646100660091810546499968302045191821421476021818762866035223580451456384782205411639090910190270996048395518
90123782001005265292009933581400526755854943554083885676208838689141597437332147564700229061528652414147963953685529594130699505627767974752910835814704344891900659971922930424717863254311119375719431
49536229079029368623142687950468804101265745693889038579883369385596801519544736283084682156991173627537985427734449183467307776854097532403654998992697946696651131468946765852331683180746508141661659
69746874168785927636634212951304663680017164468061429126562261922191156811625464590169763987399339416878609568969355254164577203162333274096214522481620160915885226865430366195147541237715536616219262
82334142165787065359043901245116834897173478207749681767938198281891279637303192052498179201933227129485228186355388839291424179482537113930810945475131277139155182372246624732815893851068572551739940
53552489088071059807648771324432099180943523178636397091580684263957789338801778672225513695258904591858330284386019081598421808694788568441492574013437413780432484294988444333306935675278133558099473
00640288193209451347485546031259937603503054337385643022771901912849189425619006446199699969793999556252114460485467235267212696587796390444537205509930682545407521785609432096125635017020367906419542
48826718601326805938207974430645958295641774988806853022951345905090933655437090902022248874755926847028837667495862719840840201409340884408305086552351689003762116210931528309453563877741952195287931
31040806924433369582365431536084967419406458801878679509943997077005939788571572994343023299450455506717631792876753950533328022199404209293879484621767490264904330158071433827479012510123617319668812
72772182340031275023085774224759841526955219338083114672626647454922125122712753106969762660734085327366441710634779127824009014893344046661735716992173556080206197026675090839501758249359220222748774
21920583580800209864989735955654254084029619207343316987487121201381434758740182861841762023604559568714859336968114805744872231220323653389291240118340833884734578475230575508809276694522095442293480
23727211581321434756622682538227983944360214884776328360706536049970918010829948515551023345074711974025986678155116110566171727102524637012014115825171408973127870566211818832343451265109396689479328
90110115784711132777869056605730046354775973808854677781629939468697102686242658470734475415006771073887440974082876074461422914040845675884431531886756352586035145448853124309169499305124633763282496
18666983893803877719268881782367141767021764544057887624755890529438332903876751621886954614853420176466966795541471784977603492365083132541541273458902579307958393352704769393455526469711410791777551
90069049236000033911340890120241389107090204891264208539500780266087469939709905313772030257956541806816413088473764691028370113831917936802502661029713748633646540681269430614669328457485972649064210
70276724902055963042310534742117124705785480791877093708683474483591813277630202397946109491335819587224380751134826326871767834950479256345766967077156456480830571729400960457576176385423909584121110
94587141654985628772467876177967745784552997397971276597858003105206548649075377838981210928121135654976710514237396390780136241612091679020084997994984001478273902680166262363844421168842449324202166
11023510105012268584398661608277742714297040858438143808132509021623045509423509016206712338298362484531776462732508218624551031633523477303895956741104085173956834909455510863965244792125462983917105
68502727726721393802457826642411464028646752483738781783424764197713806108830186398699616188620681235044308711485667549653863679428917772025704055100148265735067720010366393576453071007874378069345774
29373484373518260148757744072407030252162680294903558606835444473302348743919753533802859109343503974275144535132443162810802852891057602634385662001561664773203986782954587475377922484558378864868438
67252401011140331462321775818850550933474379407290054541652737334332189672360014492298840898116111278111168256127146031987993066118068709387116747248956468267528569979470977957014503762391882866275223
69836426391050726097901709362926911513765472003945743545884173398555039963032821125496402219361997339965724610257176179201524815474484292433356030968350194374914356254181688573534439642055210659400419
33982585352433706854807066380785224640481326287611623052000292074088007787552583381654364389814788809827360484233867378888163380164463100450840144130125646995107173723609115283136403278595721108995720
50059224451141676710054111818259212129411960841025014478228720235247726609647456544386046133054083296781787644603332064256532007979652095452996383283629148262746007660463305103298797938912935886901610
14681064129452558503315103202859571292100621061786023187903971831796693755576822767979663094662277539984285783082796481180226754418991079756379990597742400858443341456170061846215796929243297752677121
75390102097251775344637510096893006732051519738576512190081239841639502287235492089424708214220779214742171459336244385542433941358192706237044666540131975964347473878105382177603431451214416466593572
72847122582168724875193576651869496629777242131983837140855051550894400876970624720946215839350164488208152196897156169403844457099453565191363732262382702539835267489566121346677070360893975747942712
41025567805761397283131015754611191308464873777700283029205195791031367710202569621320881762963812660193411361548381219754023655704697845253225893882746094964409586480630487999853536919759859102248191
34238491797780046177886421761138528802752155180048403954450992746168896211705414957048383612276784551368908067812255754617032546608995851671150657140418592566661460307247906504667580129905352573311892
43279851963845696835995782595752423554566238657055690883206620504907339382624669251365506364877377882498044663933446056349394339291972016991937115244062168901790155096826732529405206059621717474344362
75125015752992715360033314380508517406500323906334540218834929044572422932294069658463995125934606725671641840832967679600295994577669147370493481156408715072571671958885180618859555714542601724788543
55026933748754200241637761960705871054668010744754093425665504871146888813364881117931423478688556952184607368991081181903432991496355525174229121288543264748974260145917650621238176502117584166108739
04193046327550862201063230873331809837169129933452706011713161107465803695131322386519287871096820156181200985471026861082794009881079514813294801537297531477845272814628954402144116711235594160193425
83940635366001731421462575751247527023680003427072849628726295280281805626023238364379963478834732266269905141299878823504283867530593496247468361775558601271417587964853380026912479727249381660677686
34445232690404386223283240113363371507722737159423296242993177689923096453054034494076146869307558485664819091235089963573727755860663405201621254091790787736094870803701787994265844777714667363112490
44636825535698454230315648077768170931726790130237768641807896326631953750663388479202148711007132922319031646276379623953244019156674628782715377887391981546357340270862895853681438437335971459454212
10597949288050700995735679581609185051538659241478993174632317271959739181650080556318196295511405567672636225669248991055976053945530781978451272542313152473034573713016282312266806593547140166775878
51757447868812779920153680214694116996044007708449376266072958983561640211593099274792581063789834881590360749346756116168128177561227048318684822204903756724033027659714347293722108790779717076026267
97460716596362157205973655637932681387391357679788278231901152298586526904442334329069583026980957419274247152375369974873369793756138440293302126543050948545645767164135529451383141462161043967050724
49173450341351460782415845964458636495990116230469820620194787284668988575765812998756281757262877229003117967663645751420041215299131400822334980487249653330279468679449767607110884697680133883352693
24843008629413973722310721537884458589326530075257877171394366537529950977933053101242442765422769670252128613643666350443775378332297251043956755049393815623697398119581804428434261846589235853026160
50978881720342750601623152953080259319451865967128654324309573474630143316770347774332932514230067359287795667649009220636995969711261131925247664714568885587290999898500517254039133652587032918702872
83812828032052781181535004941179996659119437549461431544313652725490468500311648837072034589823185826721434158355144393418784389261495794911418743698748039688866132191044510100980834083974094301982606
08326759751256982999372846233316733486399529619489035179139208692521207516324417907556761083932720349408247493472137607343534532388841685956301329559347762322372233045353717995828132244890038900935217
26543391698283538261072495562937087003636036631574950002554052634269631904174659684382919446333895720501318685764087800892458151606773736242589102991854986392974627683747242621745905961526209554051822
93236409851120910242018329616182772831713405909231358242008920485615363630708972794386356057684305222088162193872872402555786590231719144631738620326119987423457359632838949952779513756351540000710663
36601893735681585390901237319372862541979530841928769622264519654875201618838864854735147912736078869295811327156970019069740394017980230308769120287165667053387330668186932630193507091341047897581176
59459101423528008451987961153333232338354380992571559593067117005636236014226059917445616024431711431995639402865838464886260032538875926472336487147534156045474964505834759000838418774400357655752455
88279691107714178734126187392238957174383925102295107323934967737535657371981443384530181352730401240503515056351598233699149369681590593706648306730504678152962840410618562809480495434180572108654936
52455947518859588051430092702011281670889586321511750761534709155195427092042140402908659269586034620111873884089286023790788481579684570307722888103731118549065444502129826942170783428700248009263336
57773873362186951466397195347795609397801655685721682033576544766025629482070135451338314384500392985145290246174373262078927853822810134800770996588183501835714664311643276279620257609284180160900137
28648760268618565072031617914223748425566304206041615740995587282456488974430951518148957145371885746460082294289729081225439407148726021837505286502548473899604559325691082138710179244469385723841970
77906686710838446094179171225351943684005552291489659163163621967380772937315009724625525616761034930076850617963860724642409421496935401539124027095605448134935691598826015056401582852646778279350510
18434277109136113120926443165570968959032856208105349542030689488820156282803730541454325587084042922538908394954729115717888108202332709070546112606967933204086689148396238647764850423659811678051959
11319590272452666703694311136601046151883797981306422183707025922989044726336567425499835080345643669927391192823301386932038654734779092193813898515854252790466486982660832440208706460560709733709342
94252635634927951532063908238008910427228162958462939203145192116832612726699556717811497949352080905598547408390863054690614713699592808563544266111120233841100726203411612460131947180751868071351977
17881056492004600371311753818444326177454876796427111631935100098487728106657372283650770981893996955151340635821293468761888396622874618044436350462073634927261385490420648620738857765563850215355339
87628364328127935819427737314839632946228604030510313599333009541500134034321696403594796690252996450804903610985005758904061372697489557268266734788815660814937991750010938281027289656446479954113472
87949566368094573605499653170267761332370377345006085526455782398777070797857575569289418114331672122134892439890894436405437944991696247095558304674099222365844920766588612369614391517873501811910381
75706067853812216275226150263729878742007835972907258421290273293196807980954301225793578145083122354138185513639961190441288041401832976549252367409698241360392812717731827465039770223485573408498827
82494416862408719234458790990486250956045022131828345044607848552177426812374447096816100230399293816313260237690413328354102002145863191014104056343987725410408585228017070802159311593196092873887543
74546585471394039169410358328518758750106888730307553773398871101908283012648784093208880998310002625931666660163198059063075835435406654487778469612982271424437199283717009635387626305509455788332590
04680184427047626109662617501295691016703639152934897545447847150014467867493779028968601801389260098823377999570836804236198570644651311022461694173989736204266134693812390805498394954449720087839792
77321411618330891888321755016054831360632230479287830294404863996089348733148586522578254239473829557151490437652813640796573892853024355974131743425530725509864836572468296553184119356833877810279766
63773775010269685386162108595777192322568333273248465923077188752448459954468069796372367113609362596208167615344800718638151543312231457768637493075854957582999285124263317948728842974036315901705472
85312586226882377043664513628299180063352038401666650969902962267329730493605312120790670921795956895945572465001733691858678024616746867131529386540137118858582263036791628814931334046192231567387732
68637509329627989797441647381378876519720316198707854406761757490535594012357221107356176020118449268381443990242611634070691287096279920804523582832589998114007681090800043011615436367985264967019101
18528768093201384780900500032901953882673075622356905346401414184510600886801630115838919427880066649271893390513894569553190788900607327098970048845794942850835908530627740386642690587830883636346437
75778350489479767154799915496680174196184103638293436560967997665690854614343539545793240154901689894470311352184318393476736846277756514542576983183413039356846162653391630809415547726211098723735639
18161416026126237112091607560469200187037580956107004791626380006847868581999584701327888039588058789837084528198789119323382862329369558862987031021549784040267785279702972428785937019586532498098978
14197920604090228378719820782063626218685628788863577757066507181115251426455285931778379596664546498121158521788985615876708180763815028923607469926979081612038846911415433001702410112556073751565151
76281620552514077530424002890319723028400117377594883063733232180296598308706788227486771764435760182484443068605510598744993047051798018633694838402722584850896148513743340992276461451010097530260497
40412597514803738925219579957225543947935908495961162919987352242426756579515490106409862671538470311095615977620751857227797627577838033303751605824801611341747708643639562933799228075175912062418262
01837140945835722238001146198983218211335353856529766594975716283162083350428293889487919748578562939870656554040438831552659064450731531408834330961452297349429533192680791319053638366127387834599849
73933466044997772637218721243895744575859863946319953605626087549938564477503315438856086951258390832942928573969522650253766051441082666981265333981681298795134303644237357135762755830976177070364535
35398748050218504186889111672908996877123832892305893768989333965670156113226023689526561723448765030052206829980296909960708617067993412272735060819826122962361297541783723975363520725735033106466490
29127402252111406913819694382255965087675271327957562192287000176510408647205986437387120992498441627109057451544382294983170242646451793515396360707050662501193696733161994612098917702821240807442105
17660438997161714514820413808938670757666655924514912367421766921269939405863323155631808276968254782057519970347170862899614380184349787845544095821246771623633213767887805887542657386298177184687830
17454725971999806500737131451947868760097761888199228083299824395684055517259380165045347708516762249200830707642833143080495537911913002485523219769436211204811336295530481554773047350091917302386615
04127659375473333601795474988291633369173341693394476460270291673611047669813242517856924656179554450161935524855716478304298144944162098820290371293125816157456530844921459904149518109476388579800520
39296313647024815473918530632645130069802275630265931714378591499604740711401585877103118201440162119426737670657441428493101528412225751945845919945667571652159789355560230426930417787078655800121205
75986525198501685667061101728467173330618397033324844612742624129349751400007864023548871945118227818715999439976435395802992390325188257865680473930676631853056879826958021735197640236907387577775405
51759636002969611988630951139333609672528485746215304792700939071062469022956307641436565259332673748197973721986565655134663977137357253622031296077459656175426551384163313300102079197743716476593348
05062309075157936980125368760474815619716226419909184530918004410013045770511705978274113275692363944686430566512480195567755303058718730228556491375796483363421152517537338502951765823535575711592825
69022380550448841481457421046073828626930759445208857792590159614611108978605881674542203724008044921384594090324179004420330766737731935811400784195611309159617563022782546987512148974784163922554176
82536521156868857750542785775195063143176899490768154858222797071628928156836906650172839005320548893328027479745826867798428029926096405514063179152320444937869178618617493887611526371944313566393704
